 &plot nbnd=  10, nks=    91 /
            0.500000  0.500000  0.500000
    3.699    3.961   20.208   20.208   20.225   20.225   23.981   24.352   34.855   34.855
            0.475000  0.475000  0.475000
    3.158    4.531   20.030   20.030   20.432   20.432   23.885   24.477   34.643   34.643
            0.450000  0.450000  0.450000
    2.533    5.243   19.873   19.873   20.672   20.672   23.727   24.720   34.100   34.100
            0.425000  0.425000  0.425000
    1.937    5.988   19.746   19.746   20.946   20.946   23.580   25.008   33.387   33.387
            0.400000  0.400000  0.400000
    1.372    6.762   19.649   19.649   21.250   21.250   23.457   25.327   32.602   32.602
            0.375000  0.375000  0.375000
    0.837    7.565   19.580   19.580   21.584   21.584   23.360   25.674   31.794   31.794
            0.350000  0.350000  0.350000
    0.334    8.395   19.541   19.541   21.946   21.946   23.291   26.044   30.989   30.989
            0.325000  0.325000  0.325000
   -0.136    9.254   19.532   19.532   22.337   22.337   23.251   26.437   30.203   30.203
            0.300000  0.300000  0.300000
   -0.575   10.138   19.549   19.549   22.753   22.753   23.232   26.848   29.434   29.434
            0.275000  0.275000  0.275000
   -0.979   11.047   19.596   19.596   23.194   23.194   23.239   27.276   28.701   28.701
            0.250000  0.250000  0.250000
   -1.350   11.982   19.671   19.671   23.270   23.654   23.654   27.721   28.007   28.007
            0.225000  0.225000  0.225000
   -1.687   12.939   19.774   19.774   23.316   24.123   24.123   27.363   27.363   28.173
            0.200000  0.200000  0.200000
   -1.991   13.917   19.903   19.903   23.376   24.566   24.566   26.798   26.798   28.631
            0.175000  0.175000  0.175000
   -2.258   14.922   20.061   20.061   23.446   24.890   24.890   26.421   26.421   29.091
            0.150000  0.150000  0.150000
   -2.491   15.942   20.245   20.245   23.518   24.863   24.863   26.441   26.441   29.545
            0.125000  0.125000  0.125000
   -2.688   16.976   20.452   20.452   23.582   24.523   24.523   26.822   26.822   28.986
            0.100000  0.100000  0.100000
   -2.849   18.018   20.680   20.680   23.620   24.097   24.097   27.329   27.329   27.956
            0.075000  0.075000  0.075000
   -2.975   19.057   20.920   20.920   23.612   23.678   23.678   26.971   27.854   27.854
            0.050000  0.050000  0.050000
   -3.065   20.065   21.157   21.157   23.306   23.306   23.486   26.115   28.331   28.331
            0.025000  0.025000  0.025000
   -3.119   20.967   21.352   21.352   23.027   23.027   23.182   25.533   28.681   28.681
            0.000000  0.000000  0.000000
   -3.137   21.434   21.434   21.434   22.917   22.917   22.917   25.336   28.814   28.814
            0.033333  0.000000  0.000000
   -3.127   21.275   21.275   21.343   22.894   23.092   23.092   25.449   28.644   28.824
            0.066667  0.000000  0.000000
   -3.094   20.923   20.923   21.094   22.825   23.493   23.493   25.761   28.171   28.855
            0.100000  0.000000  0.000000
   -3.041   20.509   20.509   20.744   22.714   23.988   23.988   26.218   27.487   28.905
            0.133333  0.000000  0.000000
   -2.966   20.081   20.081   20.337   22.567   24.527   24.527   26.682   26.773   28.975
            0.166667  0.000000  0.000000
   -2.871   19.657   19.657   19.903   22.388   25.094   25.094   25.814   27.397   29.066
            0.200000  0.000000  0.000000
   -2.754   19.242   19.242   19.459   22.178   24.915   25.677   25.677   28.073   29.176
            0.233333  0.000000  0.000000
   -2.615   18.841   18.841   19.018   21.954   24.003   26.277   26.277   28.790   29.307
            0.266667  0.000000  0.000000
   -2.456   18.455   18.455   18.585   21.715   23.088   26.888   26.888   29.457   29.541
            0.300000  0.000000  0.000000
   -2.276   18.084   18.084   18.163   21.467   22.177   27.506   27.506   29.626   30.323
            0.333333  0.000000  0.000000
   -2.074   17.732   17.732   17.756   21.214   21.276   28.130   28.130   29.816   31.134
            0.366667  0.000000  0.000000
   -1.852   17.364   17.395   17.395   20.381   20.958   28.753   28.753   30.024   31.970
            0.400000  0.000000  0.000000
   -1.611   16.985   17.075   17.075   19.493   20.702   29.363   29.363   30.247   32.832
            0.433333  0.000000  0.000000
   -1.348   16.629   16.772   16.772   18.622   20.450   29.975   29.975   30.493   33.718
            0.466667  0.000000  0.000000
   -1.066   16.291   16.487   16.487   17.765   20.192   30.574   30.574   30.757   34.627
            0.500000  0.000000  0.000000
   -0.763   15.973   16.220   16.220   16.922   19.952   31.038   31.160   31.160   35.559
            0.533333  0.000000  0.000000
   -0.441   15.674   15.970   15.970   16.095   19.722   31.337   31.729   31.729   36.514
            0.566667  0.000000  0.000000
   -0.094   15.285   15.396   15.744   15.744   19.502   31.667   32.287   32.287   37.226
            0.600000  0.000000  0.000000
    0.267   14.489   15.137   15.529   15.529   19.293   31.997   32.819   32.819   37.781
            0.633333  0.000000  0.000000
    0.647   13.709   14.899   15.331   15.331   19.098   32.341   33.332   33.332   38.337
            0.666667  0.000000  0.000000
    1.046   12.945   14.681   15.150   15.150   18.916   32.697   33.829   33.829   38.890
            0.700000  0.000000  0.000000
    1.463   12.197   14.483   14.986   14.986   18.749   33.062   34.309   34.309   39.434
            0.733333  0.000000  0.000000
    1.898   11.467   14.306   14.840   14.840   18.598   33.435   34.776   34.776   39.962
            0.766667  0.000000  0.000000
    2.351   10.755   14.150   14.712   14.712   18.463   33.809   35.228   35.228   40.475
            0.800000  0.000000  0.000000
    2.820   10.061   14.014   14.600   14.600   18.345   34.180   35.663   35.663   40.948
            0.833333  0.000000  0.000000
    3.304    9.387   13.900   14.506   14.506   18.244   34.539   36.076   36.076   41.381
            0.866667  0.000000  0.000000
    3.800    8.733   13.804   14.428   14.428   18.160   34.873   36.452   36.452   41.761
            0.900000  0.000000  0.000000
    4.303    8.109   13.731   14.368   14.368   18.095   35.167   36.792   36.792   42.078
            0.933333  0.000000  0.000000
    4.799    7.526   13.678   14.325   14.325   18.049   35.402   37.067   37.067   42.112
            0.966667  0.000000  0.000000
    5.241    7.033   13.647   14.300   14.300   18.021   35.555   37.249   37.249   41.930
            1.000000  0.000000  0.000000
    5.457    6.799   13.637   14.291   14.291   18.011   35.608   37.314   37.314   41.864
            1.000000  0.025000  0.025000
    5.468    6.810   13.263   14.301   14.591   18.115   35.514   37.177   37.206   41.756
            1.000000  0.050000  0.050000
    5.500    6.845   12.642   14.330   14.996   18.419   35.251   36.810   36.915   41.463
            1.000000  0.075000  0.075000
    5.552    6.901   11.967   14.379   15.332   18.902   34.862   36.292   36.485   41.039
            1.000000  0.100000  0.100000
    5.625    6.980   11.275   14.447   15.603   19.526   34.390   35.688   35.973   40.539
            1.000000  0.125000  0.125000
    5.719    7.079   10.580   14.534   15.832   20.252   33.870   35.040   35.416   39.994
            1.000000  0.150000  0.150000
    5.835    7.198    9.895   14.642   16.045   21.049   33.327   34.371   34.838   39.427
            1.000000  0.175000  0.175000
    5.971    7.327    9.226   14.769   16.252   21.897   32.769   33.694   34.250   38.848
            1.000000  0.200000  0.200000
    6.129    7.442    8.604   14.915   16.464   22.781   32.211   33.019   33.663   38.267
            1.000000  0.225000  0.225000
    6.307    7.412    8.164   15.081   16.688   23.691   31.657   32.351   33.083   37.691
            1.000000  0.250000  0.250000
    6.507    7.001    8.140   15.267   16.926   24.620   31.114   31.693   32.513   37.126
            0.966667  0.241667  0.241667
    6.228    7.241    8.278   15.212   16.855   24.317   30.991   32.225   32.656   37.321
            0.933333  0.233333  0.233333
    5.736    7.523    8.647   15.176   16.805   24.031   30.713   32.714   32.936   37.510
            0.900000  0.225000  0.225000
    5.188    7.815    9.122   15.159   16.778   23.763   30.430   32.699   33.665   37.614
            0.866667  0.216667  0.216667
    4.630    8.120    9.656   15.163   16.771   23.514   30.163   32.626   34.382   37.510
            0.833333  0.208333  0.208333
    4.077    8.439   10.226   15.183   16.786   23.284   29.903   32.511   35.057   37.153
            0.800000  0.200000  0.200000
    3.538    8.778   10.826   15.224   16.823   23.074   29.666   32.366   35.648   36.625
            0.766667  0.191667  0.191667
    3.015    9.135   11.451   15.285   16.880   22.883   29.447   32.199   36.018   36.082
            0.733333  0.183333  0.183333
    2.508    9.510   12.097   15.365   16.957   22.712   29.244   32.010   35.383   36.271
            0.700000  0.175000  0.175000
    2.022    9.906   12.765   15.465   17.055   22.561   29.061   31.800   34.766   36.164
            0.666667  0.166667  0.166667
    1.554   10.319   13.453   15.584   17.172   22.431   28.894   31.563   34.183   35.794
            0.633333  0.158333  0.158333
    1.108   10.754   14.160   15.723   17.310   22.322   28.745   31.286   33.655   35.250
            0.600000  0.150000  0.150000
    0.681   11.206   14.885   15.879   17.466   22.233   28.616   30.957   33.199   34.601
            0.566667  0.141667  0.141667
    0.276   11.678   15.626   16.057   17.642   22.164   28.500   30.570   32.826   33.902
            0.533333  0.133333  0.133333
   -0.107   12.170   16.254   16.381   17.839   22.116   28.397   30.128   32.533   33.178
            0.500000  0.125000  0.125000
   -0.469   12.680   16.471   17.141   18.066   22.090   28.307   29.651   32.307   32.447
            0.466667  0.116667  0.116667
   -0.809   13.210   16.706   17.857   18.365   22.085   28.225   29.143   31.717   32.131
            0.433333  0.108333  0.108333
   -1.126   13.757   16.962   18.340   18.927   22.097   28.144   28.627   31.012   31.988
            0.400000  0.100000  0.100000
   -1.421   14.321   17.237   18.639   19.699   22.129   28.051   28.109   30.342   31.868
            0.366667  0.091667  0.091667
   -1.693   14.903   17.530   18.908   20.522   22.181   27.597   27.918   29.736   31.750
            0.333333  0.083333  0.083333
   -1.943   15.502   17.843   19.176   21.352   22.263   27.095   27.694   29.252   31.577
            0.300000  0.075000  0.075000
   -2.168   16.119   18.176   19.448   22.075   22.486   26.605   27.329   28.941   31.077
            0.266667  0.066667  0.066667
   -2.372   16.749   18.527   19.723   22.320   23.206   26.126   26.834   28.783   30.270
            0.233333  0.058333  0.058333
   -2.550   17.394   18.897   20.001   22.436   24.071   25.663   26.273   28.720   29.423
            0.200000  0.050000  0.050000
   -2.706   18.050   19.283   20.278   22.540   24.948   25.224   25.690   28.589   28.707
            0.166667  0.041667  0.041667
   -2.837   18.714   19.686   20.550   22.640   24.774   25.109   25.835   27.787   28.718
            0.133333  0.033333  0.033333
   -2.945   19.380   20.100   20.810   22.731   24.348   24.539   26.686   27.038   28.742
            0.100000  0.025000  0.025000
   -3.029   20.037   20.519   21.048   22.808   23.923   23.995   26.370   27.481   28.768
            0.066667  0.016667  0.016667
   -3.089   20.661   20.927   21.248   22.867   23.497   23.500   25.826   28.163   28.792
            0.033333  0.008333  0.008333
   -3.125   21.190   21.276   21.385   22.904   23.093   23.111   25.464   28.640   28.808
            0.000000  0.000000  0.000000
   -3.137   21.434   21.434   21.434   22.917   22.917   22.917   25.336   28.814   28.814
