 &plot nbnd=   8, nks=    48 /
            0.000000  0.000000  0.000000
  -18.622   -6.690   -2.090   -2.090    3.767    7.132    9.304    9.304
            0.016667  0.028868  0.000000
  -18.602   -6.666   -2.189   -2.136    3.794    7.158    9.294    9.388
            0.033333  0.057735  0.000000
  -18.543   -6.599   -2.429   -2.273    3.875    7.234    9.301    9.565
            0.050000  0.086603  0.000000
  -18.445   -6.490   -2.797   -2.499    4.009    7.359    9.348    9.715
            0.066667  0.115470  0.000000
  -18.307   -6.326   -3.251   -2.783    4.197    7.539    9.446    9.913
            0.083333  0.144338  0.000000
  -18.130   -6.115   -3.784   -3.128    4.439    7.768    9.590   10.155
            0.100000  0.173205  0.000000
  -17.914   -5.860   -4.373   -3.539    4.734    8.046    9.757   10.226
            0.116667  0.202073  0.000000
  -17.660   -5.561   -4.984   -3.988    5.083    8.373    9.554    9.980
            0.133333  0.230940  0.000000
  -17.367   -5.597   -5.218   -4.474    5.486    8.746    8.843   10.252
            0.150000  0.259808  0.000000
  -17.037   -6.214   -4.965   -4.829    5.942    8.122    9.164   10.590
            0.166667  0.288675  0.000000
  -16.671   -6.837   -5.497   -4.405    6.451    7.366    9.619   10.946
            0.183333  0.317543  0.000000
  -16.267   -7.436   -6.024   -3.939    6.620    7.012   10.107   11.352
            0.200000  0.346410  0.000000
  -15.829   -8.012   -6.546   -3.443    5.887    7.626   10.612   11.786
            0.216667  0.375278  0.000000
  -15.359   -8.577   -7.066   -2.919    5.142    8.290   11.108   12.238
            0.233333  0.404145  0.000000
  -14.858   -9.109   -7.562   -2.368    4.452    9.005   11.550   12.714
            0.250000  0.433013  0.000000
  -14.328   -9.611   -8.032   -1.799    3.782    9.768   11.859   13.199
            0.266667  0.461880  0.000000
  -13.777  -10.088   -8.486   -1.222    3.143   10.574   11.964   13.637
            0.283333  0.490748  0.000000
  -13.210  -10.533   -8.899   -0.644    2.538   11.416   11.897   13.890
            0.300000  0.519615  0.000000
  -12.640  -10.946   -9.248   -0.074    1.971   11.759   12.277   13.939
            0.316667  0.548483  0.000000
  -12.106  -11.326   -9.514    0.463    1.446   11.640   13.100   13.867
            0.333333  0.577350  0.000000
  -11.677  -11.677   -9.627    0.960    0.960   11.593   13.669   13.669
            0.300000  0.577350  0.000000
  -11.996  -11.466   -9.484    0.517    1.393   11.647   13.396   13.580
            0.266667  0.577350  0.000000
  -12.287  -11.482   -9.090    0.103    1.747   11.812   13.089   13.242
            0.233333  0.577350  0.000000
  -12.539  -11.610   -8.540   -0.252    2.033   12.085   12.667   12.788
            0.200000  0.577350  0.000000
  -12.758  -11.770   -7.928   -0.551    2.251   11.802   12.444   12.508
            0.166667  0.577350  0.000000
  -12.943  -11.928   -7.312   -0.812    2.403   10.915   12.262   12.445
            0.133333  0.577350  0.000000
  -13.095  -12.067   -6.736   -1.028    2.506   10.081   12.055   12.223
            0.100000  0.577350  0.000000
  -13.213  -12.179   -6.231   -1.189    2.572    9.370   11.890   12.049
            0.066667  0.577350  0.000000
  -13.298  -12.262   -5.837   -1.309    2.608    8.816   11.772   11.924
            0.033333  0.577350  0.000000
  -13.348  -12.312   -5.574   -1.381    2.627    8.468   11.700   11.848
            0.000000  0.577350  0.000000
  -13.364  -12.330   -5.491   -1.405    2.637    8.342   11.676   11.823
            0.000000  0.543388  0.000000
  -13.663  -12.004   -5.479   -1.538    2.794    8.352   10.855   12.686
            0.000000  0.509427  0.000000
  -14.183  -11.392   -5.418   -1.879    3.232    8.382   10.013   12.903
            0.000000  0.475465  0.000000
  -14.719  -10.704   -5.313   -2.336    3.846    8.430    9.225   12.218
            0.000000  0.441503  0.000000
  -15.236   -9.968   -5.173   -2.836    4.576    8.382    8.602   11.556
            0.000000  0.407541  0.000000
  -15.723   -9.216   -5.002   -3.351    5.346    7.762    8.620   10.929
            0.000000  0.373580  0.000000
  -16.179   -8.447   -4.790   -3.856    6.156    7.130    8.714   10.342
            0.000000  0.339618  0.000000
  -16.596   -7.664   -4.541   -4.325    6.550    6.984    8.828    9.805
            0.000000  0.305656  0.000000
  -16.977   -6.889   -4.761   -4.272    6.023    7.791    8.950    9.324
            0.000000  0.271694  0.000000
  -17.319   -6.110   -5.158   -3.978    5.550    8.491    8.981    9.068
            0.000000  0.237732  0.000000
  -17.624   -5.514   -5.362   -3.663    5.133    8.399    9.160    9.445
            0.000000  0.203771  0.000000
  -17.887   -5.824   -4.615   -3.346    4.771    8.079    9.252   10.150
            0.000000  0.169809  0.000000
  -18.111   -6.089   -3.944   -3.035    4.464    7.793    9.292   10.146
            0.000000  0.135847  0.000000
  -18.294   -6.307   -3.333   -2.741    4.213    7.555    9.324    9.910
            0.000000  0.101885  0.000000
  -18.438   -6.477   -2.838   -2.472    4.018    7.370    9.307    9.717
            0.000000  0.067924  0.000000
  -18.540   -6.600   -2.446   -2.277    3.879    7.236    9.291    9.568
            0.000000  0.033962  0.000000
  -18.601   -6.666   -2.201   -2.146    3.795    7.159    9.289    9.387
            0.000000  0.000000  0.000000
  -18.622   -6.690   -2.090   -2.090    3.767    7.132    9.304    9.304
