 &plot nbnd=  10, nks=   151 /
           -1.000000  0.500000  0.000000
   -1.559   -1.559    2.175    2.175   10.288   10.288   11.030   11.030   16.580   16.580
           -0.966667  0.483333  0.000000
   -1.720   -1.400    2.076    2.298   10.180   10.268   10.908   11.309   16.278   16.826
           -0.933333  0.466667  0.000000
   -1.897   -1.233    2.010    2.430   10.080   10.116   10.798   11.745   15.931   16.957
           -0.900000  0.450000  0.000000
   -2.088   -1.057    1.976    2.572    9.937    9.989   10.699   12.232   15.570   16.929
           -0.866667  0.433333  0.000000
   -2.291   -0.872    1.973    2.723    9.757    9.911   10.611   12.742   15.205   16.759
           -0.833333  0.416667  0.000000
   -2.501   -0.676    1.998    2.880    9.584    9.843   10.534   13.265   14.839   16.505
           -0.800000  0.400000  0.000000
   -2.717   -0.472    2.049    3.046    9.421    9.791   10.466   13.798   14.478   16.217
           -0.766667  0.383333  0.000000
   -2.936   -0.258    2.124    3.217    9.268    9.753   10.407   14.122   14.335   15.917
           -0.733333  0.366667  0.000000
   -3.154   -0.035    2.219    3.393    9.126    9.730   10.355   13.771   14.869   15.616
           -0.700000  0.350000 -0.000000
   -3.370    0.198    2.333    3.572    8.998    9.725   10.309   13.429   15.320   15.392
           -0.666667  0.333333  0.000000
   -3.583    0.440    2.465    3.752    8.881    9.738   10.268   13.094   15.036   15.890
           -0.633333  0.316667 -0.000000
   -3.790    0.691    2.612    3.933    8.776    9.768   10.232   12.766   14.763   16.338
           -0.600000  0.300000  0.000000
   -3.991    0.951    2.773    4.112    8.682    9.811   10.198   12.446   14.504   16.701
           -0.566667  0.283333  0.000000
   -4.184    1.221    2.947    4.289    8.601    9.867   10.175   12.135   14.264   16.934
           -0.533333  0.266667  0.000000
   -4.369    1.500    3.133    4.461    8.534    9.916   10.177   11.833   14.040   16.767
           -0.500000  0.250000  0.000000
   -4.545    1.787    3.329    4.628    8.477    9.926   10.231   11.539   13.833   16.247
           -0.466667  0.233333  0.000000
   -4.712    2.083    3.534    4.789    8.433    9.894   10.339   11.253   13.641   15.752
           -0.433333  0.216667  0.000000
   -4.868    2.388    3.748    4.943    8.402    9.837   10.480   10.978   13.459   15.294
           -0.400000  0.200000  0.000000
   -5.015    2.699    3.966    5.088    8.381    9.762   10.637   10.710   13.276   14.880
           -0.366667  0.183333  0.000000
   -5.150    3.018    4.190    5.226    8.373    9.677   10.453   10.796   13.089   14.536
           -0.333333  0.166667  0.000000
   -5.274    3.343    4.418    5.355    8.375    9.582   10.205   10.936   12.900   14.271
           -0.300000  0.150000 -0.000000
   -5.388    3.673    4.645    5.475    8.385    9.479    9.966   11.015   12.739   14.085
           -0.266667  0.133333 -0.000000
   -5.489    4.008    4.871    5.588    8.405    9.372    9.738   10.986   12.668   13.970
           -0.233333  0.116667  0.000000
   -5.579    4.343    5.092    5.690    8.432    9.263    9.521   10.825   12.718   13.898
           -0.200000  0.100000  0.000000
   -5.658    4.677    5.304    5.781    8.464    9.154    9.318   10.570   12.868   13.863
           -0.166667  0.083333 -0.000000
   -5.724    5.004    5.505    5.863    8.501    9.047    9.133   10.271   13.072   13.849
           -0.133333  0.066667  0.000000
   -5.779    5.317    5.685    5.932    8.536    8.940    8.965    9.972   13.292   13.842
           -0.100000  0.050000  0.000000
   -5.821    5.602    5.839    5.988    8.569    8.823    8.835    9.705   13.505   13.845
           -0.066667  0.033333 -0.000000
   -5.851    5.841    5.960    6.030    8.595    8.713    8.733    9.499   13.686   13.849
           -0.033333  0.016667 -0.000000
   -5.870    6.005    6.037    6.055    8.613    8.643    8.651    9.373   13.785   13.811
            0.000000  0.000000  0.000000
   -5.876    6.064    6.064    6.064    8.619    8.619    8.619    9.331   13.757   13.855
           -0.033333  0.000000  0.000000
   -5.871    6.031    6.043    6.043    8.606    8.646    8.646    9.364   13.779   13.813
           -0.066667  0.000000  0.000000
   -5.856    5.934    5.981    5.981    8.569    8.725    8.725    9.457   13.693   13.845
           -0.100000  0.000000  0.000000
   -5.832    5.784    5.887    5.887    8.509    8.849    8.849    9.600   13.512   13.903
           -0.133333  0.000000  0.000000
   -5.798    5.594    5.768    5.768    8.429    9.010    9.010    9.776   13.298   13.942
           -0.166667  0.000000  0.000000
   -5.754    5.372    5.632    5.632    8.334    9.200    9.200    9.968   13.068   13.997
           -0.200000  0.000000  0.000000
   -5.700    5.129    5.484    5.484    8.226    9.412    9.412   10.155   12.841   14.056
           -0.233333  0.000000  0.000000
   -5.638    4.869    5.331    5.331    8.108    9.641    9.641   10.311   12.653   14.128
           -0.266667  0.000000  0.000000
   -5.565    4.599    5.175    5.175    7.985    9.884    9.884   10.403   12.538   14.208
           -0.300000  0.000000  0.000000
   -5.483    4.320    5.018    5.018    7.860   10.138   10.138   10.402   12.527   14.299
           -0.333333  0.000000  0.000000
   -5.391    4.036    4.864    4.864    7.734   10.303   10.401   10.401   12.628   14.401
           -0.366667  0.000000  0.000000
   -5.291    3.746    4.713    4.713    7.608   10.128   10.670   10.670   12.818   14.513
           -0.400000  0.000000  0.000000
   -5.181    3.454    4.567    4.567    7.486    9.907   10.946   10.946   13.068   14.636
           -0.433333  0.000000  0.000000
   -5.061    3.158    4.426    4.426    7.367    9.661   11.227   11.227   13.355   14.769
           -0.466667  0.000000  0.000000
   -4.932    2.862    4.291    4.291    7.255    9.408   11.513   11.513   13.668   14.913
           -0.500000  0.000000  0.000000
   -4.794    2.564    4.163    4.163    7.149    9.154   11.803   11.803   13.997   15.068
           -0.533333  0.000000  0.000000
   -4.647    2.266    4.041    4.041    7.050    8.904   12.096   12.096   14.335   15.234
           -0.566667  0.000000  0.000000
   -4.491    1.968    3.927    3.927    6.960    8.663   12.393   12.393   14.679   15.410
           -0.600000  0.000000  0.000000
   -4.327    1.670    3.821    3.821    6.878    8.433   12.692   12.692   15.027   15.596
           -0.633333  0.000000  0.000000
   -4.153    1.371    3.722    3.722    6.803    8.214   12.987   12.987   15.375   15.792
           -0.666667  0.000000  0.000000
   -3.971    1.074    3.632    3.632    6.740    8.008   13.290   13.290   15.723   16.000
           -0.700000  0.000000  0.000000
   -3.781    0.780    3.549    3.549    6.686    7.816   13.596   13.596   16.068   16.218
           -0.733333  0.000000  0.000000
   -3.583    0.487    3.475    3.475    6.644    7.638   13.904   13.904   16.410   16.446
           -0.766667  0.000000  0.000000
   -3.377    0.197    3.410    3.410    6.612    7.477   14.215   14.215   16.685   16.747
           -0.800000  0.000000  0.000000
   -3.163   -0.090    3.353    3.353    6.591    7.327   14.525   14.525   16.934   17.078
           -0.833333  0.000000  0.000000
   -2.940   -0.373    3.305    3.305    6.583    7.193   14.835   14.835   17.209   17.403
           -0.866667  0.000000  0.000000
   -2.712   -0.654    3.266    3.266    6.586    7.069   15.143   15.143   17.479   17.716
           -0.900000  0.000000  0.000000
   -2.476   -0.930    3.235    3.235    6.601    6.961   15.444   15.444   17.678   17.678
           -0.933333  0.000000  0.000000
   -2.233   -1.201    3.213    3.213    6.628    6.868   15.727   15.727   17.388   17.388
           -0.966667  0.000000  0.000000
   -1.984   -1.467    3.199    3.199    6.669    6.789   15.962   15.962   17.158   17.158
           -1.000000  0.000000  0.000000
   -1.729   -1.729    3.195    3.195    6.722    6.722   16.064   16.064   17.053   17.053
           -1.000000  0.016667  0.000000
   -1.728   -1.728    3.191    3.191    6.729    6.729   16.054   16.054   17.035   17.035
           -1.000000  0.033333  0.000000
   -1.727   -1.727    3.180    3.180    6.750    6.750   16.022   16.022   16.985   16.985
           -1.000000  0.050000  0.000000
   -1.725   -1.725    3.161    3.161    6.784    6.784   15.965   15.965   16.917   16.917
           -1.000000  0.066667  0.000000
   -1.722   -1.722    3.136    3.136    6.831    6.831   15.882   15.882   16.844   16.844
           -1.000000  0.083333  0.000000
   -1.719   -1.719    3.104    3.104    6.890    6.890   15.771   15.771   16.780   16.780
           -1.000000  0.100000  0.000000
   -1.714   -1.714    3.068    3.068    6.960    6.960   15.635   15.635   16.729   16.729
           -1.000000  0.116667  0.000000
   -1.709   -1.709    3.026    3.026    7.040    7.040   15.476   15.476   16.683   16.683
           -1.000000  0.133333  0.000000
   -1.703   -1.703    2.981    2.981    7.132    7.132   15.299   15.299   16.653   16.653
           -1.000000  0.150000  0.000000
   -1.697   -1.697    2.932    2.932    7.232    7.232   15.111   15.111   16.631   16.631
           -1.000000  0.166667  0.000000
   -1.690   -1.690    2.882    2.882    7.341    7.341   14.913   14.913   16.615   16.615
           -1.000000  0.183333  0.000000
   -1.682   -1.682    2.830    2.830    7.458    7.458   14.709   14.709   16.604   16.604
           -1.000000  0.200000  0.000000
   -1.674   -1.674    2.777    2.777    7.582    7.582   14.500   14.500   16.595   16.595
           -1.000000  0.216667  0.000000
   -1.666   -1.666    2.724    2.724    7.712    7.712   14.288   14.288   16.589   16.589
           -1.000000  0.233333  0.000000
   -1.657   -1.657    2.671    2.671    7.849    7.849   14.073   14.073   16.585   16.585
           -1.000000  0.250000  0.000000
   -1.648   -1.648    2.619    2.619    7.991    7.991   13.859   13.859   16.582   16.582
           -1.000000  0.266667  0.000000
   -1.639   -1.639    2.569    2.569    8.138    8.138   13.643   13.643   16.580   16.580
           -1.000000  0.283333  0.000000
   -1.630   -1.630    2.520    2.520    8.290    8.290   13.427   13.427   16.579   16.579
           -1.000000  0.300000  0.000000
   -1.621   -1.621    2.473    2.473    8.447    8.447   13.211   13.211   16.578   16.578
           -1.000000  0.316667  0.000000
   -1.613   -1.613    2.429    2.429    8.607    8.607   12.996   12.996   16.578   16.578
           -1.000000  0.333333  0.000000
   -1.604   -1.604    2.387    2.387    8.772    8.772   12.785   12.785   16.581   16.581
           -1.000000  0.350000  0.000000
   -1.596   -1.596    2.349    2.349    8.939    8.939   12.572   12.572   16.581   16.581
           -1.000000  0.366667  0.000000
   -1.589   -1.589    2.314    2.314    9.109    9.109   12.362   12.362   16.583   16.583
           -1.000000  0.383333  0.000000
   -1.582   -1.582    2.282    2.282    9.281    9.281   12.155   12.155   16.583   16.583
           -1.000000  0.400000  0.000000
   -1.576   -1.576    2.254    2.254    9.455    9.455   11.950   11.950   16.584   16.584
           -1.000000  0.416667  0.000000
   -1.571   -1.571    2.231    2.231    9.628    9.628   11.750   11.750   16.583   16.583
           -1.000000  0.433333  0.000000
   -1.566   -1.566    2.211    2.211    9.801    9.801   11.557   11.557   16.584   16.584
           -1.000000  0.450000  0.000000
   -1.563   -1.563    2.196    2.196    9.968    9.968   11.373   11.373   16.584   16.584
           -1.000000  0.466667  0.000000
   -1.560   -1.560    2.184    2.184   10.121   10.121   11.209   11.209   16.584   16.584
           -1.000000  0.483333  0.000000
   -1.559   -1.559    2.178    2.178   10.240   10.240   11.082   11.082   16.585   16.585
           -1.000000  0.500000  0.000000
   -1.559   -1.559    2.175    2.175   10.288   10.288   11.030   11.030   16.580   16.580
           -0.983333  0.500000  0.016667
   -1.667   -1.451    2.098    2.262   10.199   10.352   10.963   11.136   16.371   16.762
           -0.966667  0.500000  0.033333
   -1.776   -1.346    2.030    2.357   10.096   10.361   10.960   11.263   16.124   16.906
           -0.950000  0.500000  0.050000
   -1.885   -1.245    1.974    2.458    9.991   10.313   11.025   11.403   15.853   17.018
           -0.933333  0.500000  0.066667
   -1.992   -1.150    1.930    2.565    9.887   10.228   11.136   11.551   15.558   17.099
           -0.916667  0.500000  0.083333
   -2.098   -1.062    1.902    2.676    9.787   10.126   11.272   11.705   15.246   17.153
           -0.900000  0.500000  0.100000
   -2.202   -0.982    1.889    2.792    9.693   10.019   11.424   11.864   14.924   17.185
           -0.883333  0.500000  0.116667
   -2.303   -0.911    1.894    2.911    9.604    9.910   11.588   12.027   14.593   17.198
           -0.866667  0.500000  0.133333
   -2.402   -0.851    1.918    3.032    9.521    9.801   11.760   12.194   14.259   17.190
           -0.850000  0.500000  0.150000
   -2.498   -0.802    1.960    3.155    9.446    9.694   11.935   12.363   13.922   17.161
           -0.833333  0.500000  0.166667
   -2.590   -0.764    2.023    3.280    9.378    9.589   12.121   12.535   13.585   17.117
           -0.816667  0.500000  0.183333
   -2.679   -0.738    2.104    3.404    9.318    9.487   12.313   12.709   13.250   17.052
           -0.800000  0.500000  0.200000
   -2.763   -0.723    2.203    3.527    9.264    9.386   12.509   12.883   12.918   16.966
           -0.783333  0.500000  0.216667
   -2.844   -0.716    2.318    3.650    9.220    9.288   12.584   12.719   13.057   16.860
           -0.766667  0.500000  0.233333
   -2.921   -0.717    2.449    3.771    9.185    9.192   12.265   12.922   13.229   16.733
           -0.750000  0.500000  0.250000
   -2.994   -0.724    2.593    3.888    9.098    9.158   11.951   13.135   13.398   16.590
           -0.733333  0.500000  0.266667
   -3.062   -0.735    2.748    4.002    9.004    9.140   11.644   13.355   13.560   16.437
           -0.716667  0.500000  0.283333
   -3.125   -0.751    2.914    4.112    8.910    9.132   11.350   13.580   13.712   16.282
           -0.700000  0.500000  0.300000
   -3.184   -0.768    3.088    4.216    8.814    9.130   11.067   13.809   13.847   16.135
           -0.683333  0.500000  0.316667
   -3.239   -0.787    3.268    4.314    8.717    9.139   10.799   13.958   14.044   16.011
           -0.666667  0.500000  0.333333
   -3.289   -0.807    3.453    4.406    8.613    9.154   10.550   14.036   14.283   15.923
           -0.650000  0.500000  0.350000
   -3.334   -0.826    3.640    4.490    8.502    9.176   10.320   14.071   14.526   15.880
           -0.633333  0.500000  0.366667
   -3.375   -0.845    3.828    4.566    8.383    9.203   10.115   14.064   14.773   15.890
           -0.616667  0.500000  0.383333
   -3.411   -0.862    4.014    4.634    8.257    9.236    9.935   14.019   15.024   15.947
           -0.600000  0.500000  0.400000
   -3.442   -0.878    4.195    4.693    8.125    9.270    9.784   13.949   15.279   16.041
           -0.583333  0.500000  0.416667
   -3.469   -0.892    4.367    4.743    7.990    9.304    9.661   13.868   15.537   16.159
           -0.566667  0.500000  0.433333
   -3.491   -0.903    4.524    4.785    7.859    9.337    9.566   13.788   15.797   16.287
           -0.550000  0.500000  0.450000
   -3.508   -0.913    4.660    4.817    7.740    9.365    9.494   13.717   16.057   16.415
           -0.533333  0.500000  0.466667
   -3.521   -0.919    4.766    4.839    7.645    9.387    9.444   13.662   16.303   16.526
           -0.516667  0.500000  0.483333
   -3.528   -0.923    4.834    4.853    7.582    9.401    9.415   13.627   16.525   16.606
           -0.500000  0.500000  0.500000
   -3.531   -0.925    4.858    4.858    7.560    9.405    9.405   13.615   16.637   16.637
           -0.483333  0.483333  0.483333
   -3.547   -0.902    4.860    4.860    7.563    9.408    9.408   13.619   16.503   16.503
           -0.466667  0.466667  0.466667
   -3.594   -0.834    4.866    4.866    7.569    9.414    9.414   13.630   16.235   16.235
           -0.450000  0.450000  0.450000
   -3.668   -0.726    4.876    4.876    7.581    9.426    9.426   13.647   15.939   15.939
           -0.433333  0.433333  0.433333
   -3.762   -0.584    4.890    4.890    7.593    9.441    9.441   13.671   15.644   15.644
           -0.416667  0.416667  0.416667
   -3.871   -0.413    4.908    4.908    7.613    9.459    9.459   13.699   15.350   15.350
           -0.400000  0.400000  0.400000
   -3.989   -0.219    4.930    4.930    7.638    9.481    9.481   13.731   15.067   15.067
           -0.383333  0.383333  0.383333
   -4.113   -0.005    4.957    4.957    7.667    9.504    9.504   13.762   14.798   14.798
           -0.366667  0.366667  0.366667
   -4.241    0.224    4.987    4.987    7.700    9.527    9.527   13.786   14.541   14.541
           -0.350000  0.350000  0.350000
   -4.369    0.468    5.020    5.020    7.738    9.550    9.550   13.793   14.299   14.299
           -0.333333  0.333333  0.333333
   -4.496    0.723    5.058    5.058    7.780    9.570    9.570   13.767   14.075   14.075
           -0.316667  0.316667  0.316667
   -4.620    0.989    5.100    5.100    7.826    9.587    9.587   13.686   13.872   13.872
           -0.300000  0.300000  0.300000
   -4.741    1.264    5.145    5.145    7.876    9.597    9.597   13.540   13.691   13.691
           -0.283333  0.283333  0.283333
   -4.857    1.547    5.193    5.193    7.930    9.598    9.598   13.339   13.533   13.533
           -0.266667  0.266667  0.266667
   -4.969    1.837    5.245    5.245    7.986    9.585    9.585   13.099   13.401   13.401
           -0.250000  0.250000  0.250000
   -5.075    2.134    5.300    5.300    8.046    9.564    9.564   12.837   13.302   13.302
           -0.233333  0.233333  0.233333
   -5.175    2.436    5.358    5.358    8.108    9.530    9.530   12.562   13.228   13.228
           -0.216667  0.216667  0.216667
   -5.270    2.743    5.418    5.418    8.177    9.481    9.481   12.280   13.181   13.181
           -0.200000  0.200000  0.200000
   -5.358    3.053    5.481    5.481    8.242    9.420    9.420   11.991   13.163   13.163
           -0.183333  0.183333  0.183333
   -5.439    3.367    5.546    5.546    8.309    9.348    9.348   11.698   13.171   13.171
           -0.166667  0.166667  0.166667
   -5.514    3.681    5.612    5.612    8.376    9.268    9.268   11.404   13.205   13.205
           -0.150000  0.150000  0.150000
   -5.582    3.996    5.677    5.677    8.441    9.180    9.180   11.110   13.253   13.253
           -0.133333  0.133333  0.133333
   -5.643    4.309    5.742    5.742    8.503    9.090    9.090   10.819   13.322   13.322
           -0.116667  0.116667  0.116667
   -5.698    4.616    5.805    5.805    8.559    8.999    8.999   10.533   13.398   13.398
           -0.100000  0.100000  0.100000
   -5.745    4.917    5.864    5.864    8.609    8.912    8.912   10.258   13.487   13.487
           -0.083333  0.083333  0.083333
   -5.785    5.204    5.920    5.920    8.647    8.831    8.831    9.999   13.578   13.578
           -0.066667  0.066667  0.066667
   -5.817    5.470    5.968    5.968    8.669    8.759    8.759    9.766   13.661   13.661
           -0.050000  0.050000  0.050000
   -5.843    5.705    6.008    6.008    8.672    8.700    8.700    9.574   13.739   13.739
           -0.033333  0.033333  0.033333
   -5.861    5.895    6.039    6.039    8.655    8.656    8.656    9.436   13.801   13.801
           -0.016667  0.016667  0.016667
   -5.872    6.020    6.058    6.058    8.628    8.628    8.630    9.356   13.774   13.841
            0.000000  0.000000  0.000000
   -5.876    6.064    6.064    6.064    8.619    8.619    8.619    9.331   13.757   13.855
